{
 "cells": [
  {
   "cell_type": "code",
   "execution_count": 1,
   "id": "4050e108-4d91-4cda-a41b-1512353cdbaf",
   "metadata": {},
   "outputs": [],
   "source": [
    "import pandas as pd\n",
    "import numpy as np\n",
    "import seaborn as sns\n",
    "import matplotlib.pyplot as plt"
   ]
  },
  {
   "cell_type": "code",
   "execution_count": 2,
   "id": "3c2e55eb-6cc0-44e2-9ba4-1bd34def1b4b",
   "metadata": {},
   "outputs": [
    {
     "data": {
      "text/html": [
       "<div>\n",
       "<style scoped>\n",
       "    .dataframe tbody tr th:only-of-type {\n",
       "        vertical-align: middle;\n",
       "    }\n",
       "\n",
       "    .dataframe tbody tr th {\n",
       "        vertical-align: top;\n",
       "    }\n",
       "\n",
       "    .dataframe thead th {\n",
       "        text-align: right;\n",
       "    }\n",
       "</style>\n",
       "<table border=\"1\" class=\"dataframe\">\n",
       "  <thead>\n",
       "    <tr style=\"text-align: right;\">\n",
       "      <th></th>\n",
       "      <th>symboling</th>\n",
       "      <th>normalized-losses</th>\n",
       "      <th>make</th>\n",
       "      <th>aspiration</th>\n",
       "      <th>num-of-doors</th>\n",
       "      <th>body-style</th>\n",
       "      <th>drive-wheels</th>\n",
       "      <th>engine-location</th>\n",
       "      <th>wheel-base</th>\n",
       "      <th>length</th>\n",
       "      <th>...</th>\n",
       "      <th>compression-ratio</th>\n",
       "      <th>horsepower</th>\n",
       "      <th>peak-rpm</th>\n",
       "      <th>city-mpg</th>\n",
       "      <th>highway-mpg</th>\n",
       "      <th>price</th>\n",
       "      <th>city-L/100km</th>\n",
       "      <th>horsepower-binned</th>\n",
       "      <th>diesel</th>\n",
       "      <th>gas</th>\n",
       "    </tr>\n",
       "  </thead>\n",
       "  <tbody>\n",
       "    <tr>\n",
       "      <th>0</th>\n",
       "      <td>3</td>\n",
       "      <td>122</td>\n",
       "      <td>alfa-romero</td>\n",
       "      <td>std</td>\n",
       "      <td>two</td>\n",
       "      <td>convertible</td>\n",
       "      <td>rwd</td>\n",
       "      <td>front</td>\n",
       "      <td>88.6</td>\n",
       "      <td>0.811148</td>\n",
       "      <td>...</td>\n",
       "      <td>9.0</td>\n",
       "      <td>111.0</td>\n",
       "      <td>5000.0</td>\n",
       "      <td>21</td>\n",
       "      <td>27</td>\n",
       "      <td>13495.0</td>\n",
       "      <td>11.190476</td>\n",
       "      <td>Medium</td>\n",
       "      <td>0</td>\n",
       "      <td>1</td>\n",
       "    </tr>\n",
       "    <tr>\n",
       "      <th>1</th>\n",
       "      <td>3</td>\n",
       "      <td>122</td>\n",
       "      <td>alfa-romero</td>\n",
       "      <td>std</td>\n",
       "      <td>two</td>\n",
       "      <td>convertible</td>\n",
       "      <td>rwd</td>\n",
       "      <td>front</td>\n",
       "      <td>88.6</td>\n",
       "      <td>0.811148</td>\n",
       "      <td>...</td>\n",
       "      <td>9.0</td>\n",
       "      <td>111.0</td>\n",
       "      <td>5000.0</td>\n",
       "      <td>21</td>\n",
       "      <td>27</td>\n",
       "      <td>16500.0</td>\n",
       "      <td>11.190476</td>\n",
       "      <td>Medium</td>\n",
       "      <td>0</td>\n",
       "      <td>1</td>\n",
       "    </tr>\n",
       "    <tr>\n",
       "      <th>2</th>\n",
       "      <td>1</td>\n",
       "      <td>122</td>\n",
       "      <td>alfa-romero</td>\n",
       "      <td>std</td>\n",
       "      <td>two</td>\n",
       "      <td>hatchback</td>\n",
       "      <td>rwd</td>\n",
       "      <td>front</td>\n",
       "      <td>94.5</td>\n",
       "      <td>0.822681</td>\n",
       "      <td>...</td>\n",
       "      <td>9.0</td>\n",
       "      <td>154.0</td>\n",
       "      <td>5000.0</td>\n",
       "      <td>19</td>\n",
       "      <td>26</td>\n",
       "      <td>16500.0</td>\n",
       "      <td>12.368421</td>\n",
       "      <td>Medium</td>\n",
       "      <td>0</td>\n",
       "      <td>1</td>\n",
       "    </tr>\n",
       "    <tr>\n",
       "      <th>3</th>\n",
       "      <td>2</td>\n",
       "      <td>164</td>\n",
       "      <td>audi</td>\n",
       "      <td>std</td>\n",
       "      <td>four</td>\n",
       "      <td>sedan</td>\n",
       "      <td>fwd</td>\n",
       "      <td>front</td>\n",
       "      <td>99.8</td>\n",
       "      <td>0.848630</td>\n",
       "      <td>...</td>\n",
       "      <td>10.0</td>\n",
       "      <td>102.0</td>\n",
       "      <td>5500.0</td>\n",
       "      <td>24</td>\n",
       "      <td>30</td>\n",
       "      <td>13950.0</td>\n",
       "      <td>9.791667</td>\n",
       "      <td>Medium</td>\n",
       "      <td>0</td>\n",
       "      <td>1</td>\n",
       "    </tr>\n",
       "    <tr>\n",
       "      <th>4</th>\n",
       "      <td>2</td>\n",
       "      <td>164</td>\n",
       "      <td>audi</td>\n",
       "      <td>std</td>\n",
       "      <td>four</td>\n",
       "      <td>sedan</td>\n",
       "      <td>4wd</td>\n",
       "      <td>front</td>\n",
       "      <td>99.4</td>\n",
       "      <td>0.848630</td>\n",
       "      <td>...</td>\n",
       "      <td>8.0</td>\n",
       "      <td>115.0</td>\n",
       "      <td>5500.0</td>\n",
       "      <td>18</td>\n",
       "      <td>22</td>\n",
       "      <td>17450.0</td>\n",
       "      <td>13.055556</td>\n",
       "      <td>Medium</td>\n",
       "      <td>0</td>\n",
       "      <td>1</td>\n",
       "    </tr>\n",
       "  </tbody>\n",
       "</table>\n",
       "<p>5 rows × 29 columns</p>\n",
       "</div>"
      ],
      "text/plain": [
       "   symboling  normalized-losses         make aspiration num-of-doors  \\\n",
       "0          3                122  alfa-romero        std          two   \n",
       "1          3                122  alfa-romero        std          two   \n",
       "2          1                122  alfa-romero        std          two   \n",
       "3          2                164         audi        std         four   \n",
       "4          2                164         audi        std         four   \n",
       "\n",
       "    body-style drive-wheels engine-location  wheel-base    length  ...  \\\n",
       "0  convertible          rwd           front        88.6  0.811148  ...   \n",
       "1  convertible          rwd           front        88.6  0.811148  ...   \n",
       "2    hatchback          rwd           front        94.5  0.822681  ...   \n",
       "3        sedan          fwd           front        99.8  0.848630  ...   \n",
       "4        sedan          4wd           front        99.4  0.848630  ...   \n",
       "\n",
       "   compression-ratio  horsepower  peak-rpm city-mpg highway-mpg    price  \\\n",
       "0                9.0       111.0    5000.0       21          27  13495.0   \n",
       "1                9.0       111.0    5000.0       21          27  16500.0   \n",
       "2                9.0       154.0    5000.0       19          26  16500.0   \n",
       "3               10.0       102.0    5500.0       24          30  13950.0   \n",
       "4                8.0       115.0    5500.0       18          22  17450.0   \n",
       "\n",
       "  city-L/100km  horsepower-binned  diesel  gas  \n",
       "0    11.190476             Medium       0    1  \n",
       "1    11.190476             Medium       0    1  \n",
       "2    12.368421             Medium       0    1  \n",
       "3     9.791667             Medium       0    1  \n",
       "4    13.055556             Medium       0    1  \n",
       "\n",
       "[5 rows x 29 columns]"
      ]
     },
     "execution_count": 2,
     "metadata": {},
     "output_type": "execute_result"
    }
   ],
   "source": [
    "path='https://cf-courses-data.s3.us.cloud-object-storage.appdomain.cloud/IBMDeveloperSkillsNetwork-DA0101EN-SkillsNetwork/labs/Data%20files/automobileEDA.csv'\n",
    "df = pd.read_csv(path)\n",
    "df.head()"
   ]
  },
  {
   "cell_type": "code",
   "execution_count": 6,
   "id": "615f5b51-034b-4b99-966d-7d12e68fe7bc",
   "metadata": {},
   "outputs": [],
   "source": [
    "mean_bore = df['bore'].astype('float').mean(axis=0)\n",
    "mean_stroke = df['stroke'].astype('float').mean(axis=0)\n",
    "mean_hp = df['horsepower'].astype('float').mean(axis=0)"
   ]
  },
  {
   "cell_type": "code",
   "execution_count": 4,
   "id": "5025bb01-284e-4614-944e-335218093896",
   "metadata": {},
   "outputs": [],
   "source": [
    "df.replace('?',np.NaN,inplace=True)"
   ]
  },
  {
   "cell_type": "code",
   "execution_count": 7,
   "id": "05c4e2eb-1ef3-4303-8054-221618933246",
   "metadata": {},
   "outputs": [],
   "source": [
    "df['bore'].replace(np.NaN,mean_bore,inplace=True)\n",
    "df['stroke'].replace(np.NaN,mean_stroke,inplace=True)\n",
    "df['horsepower'].replace(np.NaN,mean_hp,inplace=True)"
   ]
  },
  {
   "cell_type": "code",
   "execution_count": 12,
   "id": "21ab4535-18f8-43f5-a785-042594326c5c",
   "metadata": {},
   "outputs": [
    {
     "data": {
      "text/html": [
       "<div>\n",
       "<style scoped>\n",
       "    .dataframe tbody tr th:only-of-type {\n",
       "        vertical-align: middle;\n",
       "    }\n",
       "\n",
       "    .dataframe tbody tr th {\n",
       "        vertical-align: top;\n",
       "    }\n",
       "\n",
       "    .dataframe thead th {\n",
       "        text-align: right;\n",
       "    }\n",
       "</style>\n",
       "<table border=\"1\" class=\"dataframe\">\n",
       "  <thead>\n",
       "    <tr style=\"text-align: right;\">\n",
       "      <th></th>\n",
       "      <th>symboling</th>\n",
       "      <th>normalized-losses</th>\n",
       "      <th>make</th>\n",
       "      <th>aspiration</th>\n",
       "      <th>num-of-doors</th>\n",
       "      <th>body-style</th>\n",
       "      <th>drive-wheels</th>\n",
       "      <th>engine-location</th>\n",
       "      <th>wheel-base</th>\n",
       "      <th>length</th>\n",
       "      <th>...</th>\n",
       "      <th>compression-ratio</th>\n",
       "      <th>horsepower</th>\n",
       "      <th>peak-rpm</th>\n",
       "      <th>city-mpg</th>\n",
       "      <th>highway-mpg</th>\n",
       "      <th>price</th>\n",
       "      <th>city-L/100km</th>\n",
       "      <th>horsepower-binned</th>\n",
       "      <th>diesel</th>\n",
       "      <th>gas</th>\n",
       "    </tr>\n",
       "  </thead>\n",
       "  <tbody>\n",
       "  </tbody>\n",
       "</table>\n",
       "<p>0 rows × 29 columns</p>\n",
       "</div>"
      ],
      "text/plain": [
       "Empty DataFrame\n",
       "Columns: [symboling, normalized-losses, make, aspiration, num-of-doors, body-style, drive-wheels, engine-location, wheel-base, length, width, height, curb-weight, engine-type, num-of-cylinders, engine-size, fuel-system, bore, stroke, compression-ratio, horsepower, peak-rpm, city-mpg, highway-mpg, price, city-L/100km, horsepower-binned, diesel, gas]\n",
       "Index: []\n",
       "\n",
       "[0 rows x 29 columns]"
      ]
     },
     "execution_count": 12,
     "metadata": {},
     "output_type": "execute_result"
    }
   ],
   "source": [
    "df[df['price'].isnull()]"
   ]
  },
  {
   "cell_type": "code",
   "execution_count": 13,
   "id": "4d87912f-0876-4bf5-913e-cb28dbf48d53",
   "metadata": {},
   "outputs": [],
   "source": [
    "numeric_df = df.select_dtypes(include=['float','int'])"
   ]
  },
  {
   "cell_type": "code",
   "execution_count": 16,
   "id": "5d7b3156-ea48-4855-95d7-9dba224dd873",
   "metadata": {},
   "outputs": [
    {
     "data": {
      "text/html": [
       "<div>\n",
       "<style scoped>\n",
       "    .dataframe tbody tr th:only-of-type {\n",
       "        vertical-align: middle;\n",
       "    }\n",
       "\n",
       "    .dataframe tbody tr th {\n",
       "        vertical-align: top;\n",
       "    }\n",
       "\n",
       "    .dataframe thead th {\n",
       "        text-align: right;\n",
       "    }\n",
       "</style>\n",
       "<table border=\"1\" class=\"dataframe\">\n",
       "  <thead>\n",
       "    <tr style=\"text-align: right;\">\n",
       "      <th></th>\n",
       "      <th>symboling</th>\n",
       "      <th>normalized-losses</th>\n",
       "      <th>wheel-base</th>\n",
       "      <th>length</th>\n",
       "      <th>width</th>\n",
       "      <th>height</th>\n",
       "      <th>curb-weight</th>\n",
       "      <th>engine-size</th>\n",
       "      <th>bore</th>\n",
       "      <th>stroke</th>\n",
       "      <th>compression-ratio</th>\n",
       "      <th>horsepower</th>\n",
       "      <th>peak-rpm</th>\n",
       "      <th>city-mpg</th>\n",
       "      <th>highway-mpg</th>\n",
       "      <th>price</th>\n",
       "      <th>city-L/100km</th>\n",
       "      <th>diesel</th>\n",
       "      <th>gas</th>\n",
       "    </tr>\n",
       "  </thead>\n",
       "  <tbody>\n",
       "    <tr>\n",
       "      <th>symboling</th>\n",
       "      <td>1.000000</td>\n",
       "      <td>0.466264</td>\n",
       "      <td>-0.535987</td>\n",
       "      <td>-0.365404</td>\n",
       "      <td>-0.242423</td>\n",
       "      <td>-0.550160</td>\n",
       "      <td>-0.233118</td>\n",
       "      <td>-0.110581</td>\n",
       "      <td>-0.140019</td>\n",
       "      <td>-0.007992</td>\n",
       "      <td>-0.182196</td>\n",
       "      <td>0.075819</td>\n",
       "      <td>0.279740</td>\n",
       "      <td>-0.035527</td>\n",
       "      <td>0.036233</td>\n",
       "      <td>-0.082391</td>\n",
       "      <td>0.066171</td>\n",
       "      <td>-0.196735</td>\n",
       "      <td>0.196735</td>\n",
       "    </tr>\n",
       "    <tr>\n",
       "      <th>normalized-losses</th>\n",
       "      <td>0.466264</td>\n",
       "      <td>1.000000</td>\n",
       "      <td>-0.056661</td>\n",
       "      <td>0.019424</td>\n",
       "      <td>0.086802</td>\n",
       "      <td>-0.373737</td>\n",
       "      <td>0.099404</td>\n",
       "      <td>0.112360</td>\n",
       "      <td>-0.029862</td>\n",
       "      <td>0.055127</td>\n",
       "      <td>-0.114713</td>\n",
       "      <td>0.217299</td>\n",
       "      <td>0.239543</td>\n",
       "      <td>-0.225016</td>\n",
       "      <td>-0.181877</td>\n",
       "      <td>0.133999</td>\n",
       "      <td>0.238567</td>\n",
       "      <td>-0.101546</td>\n",
       "      <td>0.101546</td>\n",
       "    </tr>\n",
       "    <tr>\n",
       "      <th>wheel-base</th>\n",
       "      <td>-0.535987</td>\n",
       "      <td>-0.056661</td>\n",
       "      <td>1.000000</td>\n",
       "      <td>0.876024</td>\n",
       "      <td>0.814507</td>\n",
       "      <td>0.590742</td>\n",
       "      <td>0.782097</td>\n",
       "      <td>0.572027</td>\n",
       "      <td>0.493244</td>\n",
       "      <td>0.157964</td>\n",
       "      <td>0.250313</td>\n",
       "      <td>0.371147</td>\n",
       "      <td>-0.360305</td>\n",
       "      <td>-0.470606</td>\n",
       "      <td>-0.543304</td>\n",
       "      <td>0.584642</td>\n",
       "      <td>0.476153</td>\n",
       "      <td>0.307237</td>\n",
       "      <td>-0.307237</td>\n",
       "    </tr>\n",
       "    <tr>\n",
       "      <th>length</th>\n",
       "      <td>-0.365404</td>\n",
       "      <td>0.019424</td>\n",
       "      <td>0.876024</td>\n",
       "      <td>1.000000</td>\n",
       "      <td>0.857170</td>\n",
       "      <td>0.492063</td>\n",
       "      <td>0.880665</td>\n",
       "      <td>0.685025</td>\n",
       "      <td>0.608971</td>\n",
       "      <td>0.123913</td>\n",
       "      <td>0.159733</td>\n",
       "      <td>0.579821</td>\n",
       "      <td>-0.285970</td>\n",
       "      <td>-0.665192</td>\n",
       "      <td>-0.698142</td>\n",
       "      <td>0.690628</td>\n",
       "      <td>0.657373</td>\n",
       "      <td>0.211187</td>\n",
       "      <td>-0.211187</td>\n",
       "    </tr>\n",
       "    <tr>\n",
       "      <th>width</th>\n",
       "      <td>-0.242423</td>\n",
       "      <td>0.086802</td>\n",
       "      <td>0.814507</td>\n",
       "      <td>0.857170</td>\n",
       "      <td>1.000000</td>\n",
       "      <td>0.306002</td>\n",
       "      <td>0.866201</td>\n",
       "      <td>0.729436</td>\n",
       "      <td>0.544885</td>\n",
       "      <td>0.188814</td>\n",
       "      <td>0.189867</td>\n",
       "      <td>0.615077</td>\n",
       "      <td>-0.245800</td>\n",
       "      <td>-0.633531</td>\n",
       "      <td>-0.680635</td>\n",
       "      <td>0.751265</td>\n",
       "      <td>0.673363</td>\n",
       "      <td>0.244356</td>\n",
       "      <td>-0.244356</td>\n",
       "    </tr>\n",
       "    <tr>\n",
       "      <th>height</th>\n",
       "      <td>-0.550160</td>\n",
       "      <td>-0.373737</td>\n",
       "      <td>0.590742</td>\n",
       "      <td>0.492063</td>\n",
       "      <td>0.306002</td>\n",
       "      <td>1.000000</td>\n",
       "      <td>0.307581</td>\n",
       "      <td>0.074694</td>\n",
       "      <td>0.180449</td>\n",
       "      <td>-0.060822</td>\n",
       "      <td>0.259737</td>\n",
       "      <td>-0.087027</td>\n",
       "      <td>-0.309974</td>\n",
       "      <td>-0.049800</td>\n",
       "      <td>-0.104812</td>\n",
       "      <td>0.135486</td>\n",
       "      <td>0.003811</td>\n",
       "      <td>0.281578</td>\n",
       "      <td>-0.281578</td>\n",
       "    </tr>\n",
       "    <tr>\n",
       "      <th>curb-weight</th>\n",
       "      <td>-0.233118</td>\n",
       "      <td>0.099404</td>\n",
       "      <td>0.782097</td>\n",
       "      <td>0.880665</td>\n",
       "      <td>0.866201</td>\n",
       "      <td>0.307581</td>\n",
       "      <td>1.000000</td>\n",
       "      <td>0.849072</td>\n",
       "      <td>0.644060</td>\n",
       "      <td>0.167412</td>\n",
       "      <td>0.156433</td>\n",
       "      <td>0.757976</td>\n",
       "      <td>-0.279361</td>\n",
       "      <td>-0.749543</td>\n",
       "      <td>-0.794889</td>\n",
       "      <td>0.834415</td>\n",
       "      <td>0.785353</td>\n",
       "      <td>0.221046</td>\n",
       "      <td>-0.221046</td>\n",
       "    </tr>\n",
       "    <tr>\n",
       "      <th>engine-size</th>\n",
       "      <td>-0.110581</td>\n",
       "      <td>0.112360</td>\n",
       "      <td>0.572027</td>\n",
       "      <td>0.685025</td>\n",
       "      <td>0.729436</td>\n",
       "      <td>0.074694</td>\n",
       "      <td>0.849072</td>\n",
       "      <td>1.000000</td>\n",
       "      <td>0.572609</td>\n",
       "      <td>0.205806</td>\n",
       "      <td>0.028889</td>\n",
       "      <td>0.822676</td>\n",
       "      <td>-0.256733</td>\n",
       "      <td>-0.650546</td>\n",
       "      <td>-0.679571</td>\n",
       "      <td>0.872335</td>\n",
       "      <td>0.745059</td>\n",
       "      <td>0.070779</td>\n",
       "      <td>-0.070779</td>\n",
       "    </tr>\n",
       "    <tr>\n",
       "      <th>bore</th>\n",
       "      <td>-0.140019</td>\n",
       "      <td>-0.029862</td>\n",
       "      <td>0.493244</td>\n",
       "      <td>0.608971</td>\n",
       "      <td>0.544885</td>\n",
       "      <td>0.180449</td>\n",
       "      <td>0.644060</td>\n",
       "      <td>0.572609</td>\n",
       "      <td>1.000000</td>\n",
       "      <td>-0.055390</td>\n",
       "      <td>0.001263</td>\n",
       "      <td>0.566936</td>\n",
       "      <td>-0.267392</td>\n",
       "      <td>-0.582027</td>\n",
       "      <td>-0.591309</td>\n",
       "      <td>0.543155</td>\n",
       "      <td>0.554610</td>\n",
       "      <td>0.054458</td>\n",
       "      <td>-0.054458</td>\n",
       "    </tr>\n",
       "    <tr>\n",
       "      <th>stroke</th>\n",
       "      <td>-0.007992</td>\n",
       "      <td>0.055127</td>\n",
       "      <td>0.157964</td>\n",
       "      <td>0.123913</td>\n",
       "      <td>0.188814</td>\n",
       "      <td>-0.060822</td>\n",
       "      <td>0.167412</td>\n",
       "      <td>0.205806</td>\n",
       "      <td>-0.055390</td>\n",
       "      <td>1.000000</td>\n",
       "      <td>0.187854</td>\n",
       "      <td>0.098282</td>\n",
       "      <td>-0.063388</td>\n",
       "      <td>-0.034079</td>\n",
       "      <td>-0.034741</td>\n",
       "      <td>0.082267</td>\n",
       "      <td>0.036285</td>\n",
       "      <td>0.241033</td>\n",
       "      <td>-0.241033</td>\n",
       "    </tr>\n",
       "    <tr>\n",
       "      <th>compression-ratio</th>\n",
       "      <td>-0.182196</td>\n",
       "      <td>-0.114713</td>\n",
       "      <td>0.250313</td>\n",
       "      <td>0.159733</td>\n",
       "      <td>0.189867</td>\n",
       "      <td>0.259737</td>\n",
       "      <td>0.156433</td>\n",
       "      <td>0.028889</td>\n",
       "      <td>0.001263</td>\n",
       "      <td>0.187854</td>\n",
       "      <td>1.000000</td>\n",
       "      <td>-0.214514</td>\n",
       "      <td>-0.435780</td>\n",
       "      <td>0.331425</td>\n",
       "      <td>0.268465</td>\n",
       "      <td>0.071107</td>\n",
       "      <td>-0.299372</td>\n",
       "      <td>0.985231</td>\n",
       "      <td>-0.985231</td>\n",
       "    </tr>\n",
       "    <tr>\n",
       "      <th>horsepower</th>\n",
       "      <td>0.075819</td>\n",
       "      <td>0.217299</td>\n",
       "      <td>0.371147</td>\n",
       "      <td>0.579821</td>\n",
       "      <td>0.615077</td>\n",
       "      <td>-0.087027</td>\n",
       "      <td>0.757976</td>\n",
       "      <td>0.822676</td>\n",
       "      <td>0.566936</td>\n",
       "      <td>0.098282</td>\n",
       "      <td>-0.214514</td>\n",
       "      <td>1.000000</td>\n",
       "      <td>0.107885</td>\n",
       "      <td>-0.822214</td>\n",
       "      <td>-0.804575</td>\n",
       "      <td>0.809575</td>\n",
       "      <td>0.889488</td>\n",
       "      <td>-0.169053</td>\n",
       "      <td>0.169053</td>\n",
       "    </tr>\n",
       "    <tr>\n",
       "      <th>peak-rpm</th>\n",
       "      <td>0.279740</td>\n",
       "      <td>0.239543</td>\n",
       "      <td>-0.360305</td>\n",
       "      <td>-0.285970</td>\n",
       "      <td>-0.245800</td>\n",
       "      <td>-0.309974</td>\n",
       "      <td>-0.279361</td>\n",
       "      <td>-0.256733</td>\n",
       "      <td>-0.267392</td>\n",
       "      <td>-0.063388</td>\n",
       "      <td>-0.435780</td>\n",
       "      <td>0.107885</td>\n",
       "      <td>1.000000</td>\n",
       "      <td>-0.115413</td>\n",
       "      <td>-0.058598</td>\n",
       "      <td>-0.101616</td>\n",
       "      <td>0.115830</td>\n",
       "      <td>-0.475812</td>\n",
       "      <td>0.475812</td>\n",
       "    </tr>\n",
       "    <tr>\n",
       "      <th>city-mpg</th>\n",
       "      <td>-0.035527</td>\n",
       "      <td>-0.225016</td>\n",
       "      <td>-0.470606</td>\n",
       "      <td>-0.665192</td>\n",
       "      <td>-0.633531</td>\n",
       "      <td>-0.049800</td>\n",
       "      <td>-0.749543</td>\n",
       "      <td>-0.650546</td>\n",
       "      <td>-0.582027</td>\n",
       "      <td>-0.034079</td>\n",
       "      <td>0.331425</td>\n",
       "      <td>-0.822214</td>\n",
       "      <td>-0.115413</td>\n",
       "      <td>1.000000</td>\n",
       "      <td>0.972044</td>\n",
       "      <td>-0.686571</td>\n",
       "      <td>-0.949713</td>\n",
       "      <td>0.265676</td>\n",
       "      <td>-0.265676</td>\n",
       "    </tr>\n",
       "    <tr>\n",
       "      <th>highway-mpg</th>\n",
       "      <td>0.036233</td>\n",
       "      <td>-0.181877</td>\n",
       "      <td>-0.543304</td>\n",
       "      <td>-0.698142</td>\n",
       "      <td>-0.680635</td>\n",
       "      <td>-0.104812</td>\n",
       "      <td>-0.794889</td>\n",
       "      <td>-0.679571</td>\n",
       "      <td>-0.591309</td>\n",
       "      <td>-0.034741</td>\n",
       "      <td>0.268465</td>\n",
       "      <td>-0.804575</td>\n",
       "      <td>-0.058598</td>\n",
       "      <td>0.972044</td>\n",
       "      <td>1.000000</td>\n",
       "      <td>-0.704692</td>\n",
       "      <td>-0.930028</td>\n",
       "      <td>0.198690</td>\n",
       "      <td>-0.198690</td>\n",
       "    </tr>\n",
       "    <tr>\n",
       "      <th>price</th>\n",
       "      <td>-0.082391</td>\n",
       "      <td>0.133999</td>\n",
       "      <td>0.584642</td>\n",
       "      <td>0.690628</td>\n",
       "      <td>0.751265</td>\n",
       "      <td>0.135486</td>\n",
       "      <td>0.834415</td>\n",
       "      <td>0.872335</td>\n",
       "      <td>0.543155</td>\n",
       "      <td>0.082267</td>\n",
       "      <td>0.071107</td>\n",
       "      <td>0.809575</td>\n",
       "      <td>-0.101616</td>\n",
       "      <td>-0.686571</td>\n",
       "      <td>-0.704692</td>\n",
       "      <td>1.000000</td>\n",
       "      <td>0.789898</td>\n",
       "      <td>0.110326</td>\n",
       "      <td>-0.110326</td>\n",
       "    </tr>\n",
       "    <tr>\n",
       "      <th>city-L/100km</th>\n",
       "      <td>0.066171</td>\n",
       "      <td>0.238567</td>\n",
       "      <td>0.476153</td>\n",
       "      <td>0.657373</td>\n",
       "      <td>0.673363</td>\n",
       "      <td>0.003811</td>\n",
       "      <td>0.785353</td>\n",
       "      <td>0.745059</td>\n",
       "      <td>0.554610</td>\n",
       "      <td>0.036285</td>\n",
       "      <td>-0.299372</td>\n",
       "      <td>0.889488</td>\n",
       "      <td>0.115830</td>\n",
       "      <td>-0.949713</td>\n",
       "      <td>-0.930028</td>\n",
       "      <td>0.789898</td>\n",
       "      <td>1.000000</td>\n",
       "      <td>-0.241282</td>\n",
       "      <td>0.241282</td>\n",
       "    </tr>\n",
       "    <tr>\n",
       "      <th>diesel</th>\n",
       "      <td>-0.196735</td>\n",
       "      <td>-0.101546</td>\n",
       "      <td>0.307237</td>\n",
       "      <td>0.211187</td>\n",
       "      <td>0.244356</td>\n",
       "      <td>0.281578</td>\n",
       "      <td>0.221046</td>\n",
       "      <td>0.070779</td>\n",
       "      <td>0.054458</td>\n",
       "      <td>0.241033</td>\n",
       "      <td>0.985231</td>\n",
       "      <td>-0.169053</td>\n",
       "      <td>-0.475812</td>\n",
       "      <td>0.265676</td>\n",
       "      <td>0.198690</td>\n",
       "      <td>0.110326</td>\n",
       "      <td>-0.241282</td>\n",
       "      <td>1.000000</td>\n",
       "      <td>-1.000000</td>\n",
       "    </tr>\n",
       "    <tr>\n",
       "      <th>gas</th>\n",
       "      <td>0.196735</td>\n",
       "      <td>0.101546</td>\n",
       "      <td>-0.307237</td>\n",
       "      <td>-0.211187</td>\n",
       "      <td>-0.244356</td>\n",
       "      <td>-0.281578</td>\n",
       "      <td>-0.221046</td>\n",
       "      <td>-0.070779</td>\n",
       "      <td>-0.054458</td>\n",
       "      <td>-0.241033</td>\n",
       "      <td>-0.985231</td>\n",
       "      <td>0.169053</td>\n",
       "      <td>0.475812</td>\n",
       "      <td>-0.265676</td>\n",
       "      <td>-0.198690</td>\n",
       "      <td>-0.110326</td>\n",
       "      <td>0.241282</td>\n",
       "      <td>-1.000000</td>\n",
       "      <td>1.000000</td>\n",
       "    </tr>\n",
       "  </tbody>\n",
       "</table>\n",
       "</div>"
      ],
      "text/plain": [
       "                   symboling  normalized-losses  wheel-base    length  \\\n",
       "symboling           1.000000           0.466264   -0.535987 -0.365404   \n",
       "normalized-losses   0.466264           1.000000   -0.056661  0.019424   \n",
       "wheel-base         -0.535987          -0.056661    1.000000  0.876024   \n",
       "length             -0.365404           0.019424    0.876024  1.000000   \n",
       "width              -0.242423           0.086802    0.814507  0.857170   \n",
       "height             -0.550160          -0.373737    0.590742  0.492063   \n",
       "curb-weight        -0.233118           0.099404    0.782097  0.880665   \n",
       "engine-size        -0.110581           0.112360    0.572027  0.685025   \n",
       "bore               -0.140019          -0.029862    0.493244  0.608971   \n",
       "stroke             -0.007992           0.055127    0.157964  0.123913   \n",
       "compression-ratio  -0.182196          -0.114713    0.250313  0.159733   \n",
       "horsepower          0.075819           0.217299    0.371147  0.579821   \n",
       "peak-rpm            0.279740           0.239543   -0.360305 -0.285970   \n",
       "city-mpg           -0.035527          -0.225016   -0.470606 -0.665192   \n",
       "highway-mpg         0.036233          -0.181877   -0.543304 -0.698142   \n",
       "price              -0.082391           0.133999    0.584642  0.690628   \n",
       "city-L/100km        0.066171           0.238567    0.476153  0.657373   \n",
       "diesel             -0.196735          -0.101546    0.307237  0.211187   \n",
       "gas                 0.196735           0.101546   -0.307237 -0.211187   \n",
       "\n",
       "                      width    height  curb-weight  engine-size      bore  \\\n",
       "symboling         -0.242423 -0.550160    -0.233118    -0.110581 -0.140019   \n",
       "normalized-losses  0.086802 -0.373737     0.099404     0.112360 -0.029862   \n",
       "wheel-base         0.814507  0.590742     0.782097     0.572027  0.493244   \n",
       "length             0.857170  0.492063     0.880665     0.685025  0.608971   \n",
       "width              1.000000  0.306002     0.866201     0.729436  0.544885   \n",
       "height             0.306002  1.000000     0.307581     0.074694  0.180449   \n",
       "curb-weight        0.866201  0.307581     1.000000     0.849072  0.644060   \n",
       "engine-size        0.729436  0.074694     0.849072     1.000000  0.572609   \n",
       "bore               0.544885  0.180449     0.644060     0.572609  1.000000   \n",
       "stroke             0.188814 -0.060822     0.167412     0.205806 -0.055390   \n",
       "compression-ratio  0.189867  0.259737     0.156433     0.028889  0.001263   \n",
       "horsepower         0.615077 -0.087027     0.757976     0.822676  0.566936   \n",
       "peak-rpm          -0.245800 -0.309974    -0.279361    -0.256733 -0.267392   \n",
       "city-mpg          -0.633531 -0.049800    -0.749543    -0.650546 -0.582027   \n",
       "highway-mpg       -0.680635 -0.104812    -0.794889    -0.679571 -0.591309   \n",
       "price              0.751265  0.135486     0.834415     0.872335  0.543155   \n",
       "city-L/100km       0.673363  0.003811     0.785353     0.745059  0.554610   \n",
       "diesel             0.244356  0.281578     0.221046     0.070779  0.054458   \n",
       "gas               -0.244356 -0.281578    -0.221046    -0.070779 -0.054458   \n",
       "\n",
       "                     stroke  compression-ratio  horsepower  peak-rpm  \\\n",
       "symboling         -0.007992          -0.182196    0.075819  0.279740   \n",
       "normalized-losses  0.055127          -0.114713    0.217299  0.239543   \n",
       "wheel-base         0.157964           0.250313    0.371147 -0.360305   \n",
       "length             0.123913           0.159733    0.579821 -0.285970   \n",
       "width              0.188814           0.189867    0.615077 -0.245800   \n",
       "height            -0.060822           0.259737   -0.087027 -0.309974   \n",
       "curb-weight        0.167412           0.156433    0.757976 -0.279361   \n",
       "engine-size        0.205806           0.028889    0.822676 -0.256733   \n",
       "bore              -0.055390           0.001263    0.566936 -0.267392   \n",
       "stroke             1.000000           0.187854    0.098282 -0.063388   \n",
       "compression-ratio  0.187854           1.000000   -0.214514 -0.435780   \n",
       "horsepower         0.098282          -0.214514    1.000000  0.107885   \n",
       "peak-rpm          -0.063388          -0.435780    0.107885  1.000000   \n",
       "city-mpg          -0.034079           0.331425   -0.822214 -0.115413   \n",
       "highway-mpg       -0.034741           0.268465   -0.804575 -0.058598   \n",
       "price              0.082267           0.071107    0.809575 -0.101616   \n",
       "city-L/100km       0.036285          -0.299372    0.889488  0.115830   \n",
       "diesel             0.241033           0.985231   -0.169053 -0.475812   \n",
       "gas               -0.241033          -0.985231    0.169053  0.475812   \n",
       "\n",
       "                   city-mpg  highway-mpg     price  city-L/100km    diesel  \\\n",
       "symboling         -0.035527     0.036233 -0.082391      0.066171 -0.196735   \n",
       "normalized-losses -0.225016    -0.181877  0.133999      0.238567 -0.101546   \n",
       "wheel-base        -0.470606    -0.543304  0.584642      0.476153  0.307237   \n",
       "length            -0.665192    -0.698142  0.690628      0.657373  0.211187   \n",
       "width             -0.633531    -0.680635  0.751265      0.673363  0.244356   \n",
       "height            -0.049800    -0.104812  0.135486      0.003811  0.281578   \n",
       "curb-weight       -0.749543    -0.794889  0.834415      0.785353  0.221046   \n",
       "engine-size       -0.650546    -0.679571  0.872335      0.745059  0.070779   \n",
       "bore              -0.582027    -0.591309  0.543155      0.554610  0.054458   \n",
       "stroke            -0.034079    -0.034741  0.082267      0.036285  0.241033   \n",
       "compression-ratio  0.331425     0.268465  0.071107     -0.299372  0.985231   \n",
       "horsepower        -0.822214    -0.804575  0.809575      0.889488 -0.169053   \n",
       "peak-rpm          -0.115413    -0.058598 -0.101616      0.115830 -0.475812   \n",
       "city-mpg           1.000000     0.972044 -0.686571     -0.949713  0.265676   \n",
       "highway-mpg        0.972044     1.000000 -0.704692     -0.930028  0.198690   \n",
       "price             -0.686571    -0.704692  1.000000      0.789898  0.110326   \n",
       "city-L/100km      -0.949713    -0.930028  0.789898      1.000000 -0.241282   \n",
       "diesel             0.265676     0.198690  0.110326     -0.241282  1.000000   \n",
       "gas               -0.265676    -0.198690 -0.110326      0.241282 -1.000000   \n",
       "\n",
       "                        gas  \n",
       "symboling          0.196735  \n",
       "normalized-losses  0.101546  \n",
       "wheel-base        -0.307237  \n",
       "length            -0.211187  \n",
       "width             -0.244356  \n",
       "height            -0.281578  \n",
       "curb-weight       -0.221046  \n",
       "engine-size       -0.070779  \n",
       "bore              -0.054458  \n",
       "stroke            -0.241033  \n",
       "compression-ratio -0.985231  \n",
       "horsepower         0.169053  \n",
       "peak-rpm           0.475812  \n",
       "city-mpg          -0.265676  \n",
       "highway-mpg       -0.198690  \n",
       "price             -0.110326  \n",
       "city-L/100km       0.241282  \n",
       "diesel            -1.000000  \n",
       "gas                1.000000  "
      ]
     },
     "execution_count": 16,
     "metadata": {},
     "output_type": "execute_result"
    }
   ],
   "source": [
    "numeric_df.corr()"
   ]
  },
  {
   "cell_type": "code",
   "execution_count": 19,
   "id": "dcb38d28-c133-491a-b187-8852f50b340c",
   "metadata": {},
   "outputs": [
    {
     "data": {
      "text/plain": [
       "<Axes: xlabel='engine-size', ylabel='price'>"
      ]
     },
     "execution_count": 19,
     "metadata": {},
     "output_type": "execute_result"
    },
    {
     "data": {
